0.7930498501
-0.590959893
-1.771001215
-3.052612337
-4.389027870
-4.930410680
-5.587174265
-6.045903116
-6.326619454
-6.693142732
-6.857168079
-7.043353283
-7.182677955
-7.281989798
-7.364999511
-7.439616813
-7.487360501
-7.537378767
-7.599143823
-7.646359798
-7.678728342
-7.707082137
-7.736685185
-7.767261285
-7.795405103
-7.821176293
-7.843353201
-7.863392545
-7.883433998
-7.900977004
-7.916221916
-7.930565238
-7.944917801
-7.957945858
-7.969069466
-7.978874646
-7.987703680
-7.994799804
-8.000245099
